x = 10; 
y = 2.0000005;

z = x/y;

z
